docs/tutorial/CEA2008/topo.asc
ncols 208
nrows 256
xllcenter 0
yllcenter 0
cellsize 0.01
nodata_value -9999
[rows 147 to 167 of 256, columns 46 to 91 of 208]
-0.0219999998808 -0.0225000008941 0.10000000149 0.10000000149 0.10000000149 0.10000000149 0.10000000149 -0.0254999995232 -0.0260000005364 -0.0264999996871 -0.0270000007004 -0.027499999851 -0.0280000008643 -0.0285000000149 -0.0289999991655 -0.0295000001788 -0.0299999993294 -0.0305000003427 -0.0309999994934 -0.0315000005066 -0.0320000015199 -0.0324999988079 -0.0329999998212 -0.0335000008345 -0.0340000018477 -0.0344999991357 -0.035000000149 -0.0355000011623 -0.0359999984503 -0.0364999994636 -0.0370000004768 -0.0375000014901 -0.0379999987781 -0.0384999997914 -0.0390000008047 -0.0395000018179 -0.0399999991059 -0.0405000001192 -0.0410000011325 -0.0414999984205 -0.0419999994338 -0.042500000447 -0.0430000014603 -0.0434999987483 -0.0439999997616 -0.0445000007749
-0.0219999998808 0.10000000149 0.10000000149 0.10000000149 0.10000000149 0.10000000149 -0.0250000003725 -0.0254999995232 -0.0260000005364 -0.0264999996871 -0.0270000007004 -0.027499999851 -0.0280000008643 -0.0285000000149 -0.0289999991655 -0.0295000001788 -0.0299999993294 -0.0305000003427 -0.0309999994934 -0.0315000005066 -0.0320000015199 -0.0324999988079 -0.0329999998212 -0.0335000008345 -0.0340000018477 -0.0344999991357 -0.035000000149 -0.0355000011623 -0.0359999984503 -0.0364999994636 -0.0370000004768 -0.0375000014901 -0.0379999987781 -0.0384999997914 -0.0390000008047 -0.0395000018179 -0.0399999991059 -0.0405000001192 -0.0410000011325 -0.0414999984205 -0.0419999994338 -0.042500000447 -0.0430000014603 -0.0434999987483 -0.0439999997616 -0.0445000007749
-0.0219999998808 0.10000000149 0.10000000149 0.10000000149 0.10000000149 0.10000000149 -0.0250000003725 -0.0254999995232 -0.0260000005364 -0.0264999996871 -0.0270000007004 -0.027499999851 -0.0280000008643 -0.0285000000149 -0.0289999991655 -0.0295000001788 -0.0299999993294 -0.0305000003427 -0.0309999994934 -0.0315000005066 -0.0320000015199 -0.0324999988079 -0.0329999998212 -0.0335000008345 -0.0340000018477 -0.0344999991357 -0.035000000149 -0.0355000011623 -0.0359999984503 -0.0364999994636 -0.0370000004768 -0.0375000014901 -0.0379999987781 -0.0384999997914 -0.0390000008047 -0.0395000018179 -0.0399999991059 -0.0405000001192 -0.0410000011325 -0.0414999984205 -0.0419999994338 -0.042500000447 -0.0430000014603 -0.0434999987483 -0.0439999997616 -0.0445000007749
-0.0219999998808 0.10000000149 0.10000000149 0.10000000149 0.10000000149 0.10000000149 -0.0250000003725 -0.0254999995232 -0.0260000005364 -0.0264999996871 -0.0270000007004 -0.027499999851 -0.0280000008643 -0.0285000000149 -0.0289999991655 -0.0295000001788 -0.0299999993294 -0.0305000003427 -0.0309999994934 -0.0315000005066 -0.0320000015199 -0.0324999988079 -0.0329999998212 -0.0335000008345 -0.0340000018477 -0.0344999991357 -0.035000000149 -0.0355000011623 -0.0359999984503 -0.0364999994636 -0.0370000004768 -0.0375000014901 -0.0379999987781 -0.0384999997914 -0.0390000008047 -0.0395000018179 -0.0399999991059 -0.0405000001192 -0.0410000011325 -0.0414999984205 -0.0419999994338 -0.042500000447 -0.0430000014603 -0.0434999987483 -0.0439999997616 -0.0445000007749
-0.0219999998808 0.10000000149 0.10000000149 0.10000000149 0.10000000149 0.10000000149 -0.0250000003725 -0.0254999995232 -0.0260000005364 -0.0264999996871 -0.0270000007004 -0.027499999851 -0.0280000008643 -0.0285000000149 -0.0289999991655 -0.0295000001788 -0.0299999993294 -0.0305000003427 -0.0309999994934 -0.0315000005066 -0.0320000015199 -0.0324999988079 -0.0329999998212 -0.0335000008345 -0.0340000018477 -0.0344999991357 -0.035000000149 -0.0355000011623 -0.0359999984503 -0.0364999994636 -0.0370000004768 -0.0375000014901 -0.0379999987781 -0.0384999997914 -0.0390000008047 -0.0395000018179 -0.0399999991059 -0.0405000001192 -0.0410000011325 -0.0414999984205 -0.0419999994338 -0.042500000447 -0.0430000014603 -0.0434999987483 -0.0439999997616 -0.0445000007749
-0.0219999998808 0.10000000149 0.10000000149 0.10000000149 0.10000000149 0.10000000149 -0.0250000003725 -0.0254999995232 -0.0260000005364 -0.0264999996871 -0.0270000007004 -0.027499999851 -0.0280000008643 -0.0285000000149 -0.0289999991655 -0.0295000001788 -0.0299999993294 -0.0305000003427 -0.0309999994934 -0.0315000005066 -0.0320000015199 -0.0324999988079 -0.0329999998212 -0.0335000008345 -0.0340000018477 -0.0344999991357 -0.035000000149 -0.0355000011623 -0.0359999984503 -0.0364999994636 -0.0370000004768 -0.0375000014901 -0.0379999987781 -0.0384999997914 -0.0390000008047 -0.0395000018179 -0.0399999991059 -0.0405000001192 -0.0410000011325 -0.0414999984205 -0.0419999994338 -0.042500000447 -0.0430000014603 -0.0434999987483 -0.0439999997616 -0.0445000007749
-0.0219999998808 0.10000000149 0.10000000149 0.10000000149 0.10000000149 0.10000000149 -0.0250000003725 -0.0254999995232 -0.0260000005364 -0.0264999996871 -0.0270000007004 -0.027499999851 -0.0280000008643 -0.0285000000149 -0.0289999991655 -0.0295000001788 -0.0299999993294 -0.0305000003427 -0.0309999994934 -0.0315000005066 -0.0320000015199 -0.0324999988079 -0.0329999998212 -0.0335000008345 -0.0340000018477 -0.0344999991357 -0.035000000149 -0.0355000011623 -0.0359999984503 -0.0364999994636 -0.0370000004768 -0.0375000014901 -0.0379999987781 -0.0384999997914 -0.0390000008047 -0.0395000018179 -0.0399999991059 -0.0405000001192 -0.0410000011325 -0.0414999984205 -0.0419999994338 -0.042500000447 -0.0430000014603 -0.0434999987483 -0.0439999997616 -0.0445000007749
-0.0219999998808 0.10000000149 0.10000000149 0.10000000149 0.10000000149 0.10000000149 -0.0250000003725 -0.0254999995232 -0.0260000005364 -0.0264999996871 -0.0270000007004 -0.027499999851 -0.0280000008643 -0.0285000000149 -0.0289999991655 -0.0295000001788 -0.0299999993294 -0.0305000003427 -0.0309999994934 -0.0315000005066 -0.0320000015199 -0.0324999988079 -0.0329999998212 -0.0335000008345 -0.0340000018477 -0.0344999991357 -0.035000000149 -0.0355000011623 -0.0359999984503 -0.0364999994636 -0.0370000004768 -0.0375000014901 -0.0379999987781 -0.0384999997914 -0.0390000008047 -0.0395000018179 -0.0399999991059 -0.0405000001192 -0.0410000011325 -0.0414999984205 -0.0419999994338 -0.042500000447 -0.0430000014603 -0.0434999987483 -0.0439999997616 -0.0445000007749
-0.0219999998808 0.10000000149 0.10000000149 0.10000000149 0.10000000149 0.10000000149 -0.0250000003725 -0.0254999995232 -0.0260000005364 -0.0264999996871 -0.0270000007004 -0.027499999851 -0.0280000008643 -0.0285000000149 -0.0289999991655 -0.0295000001788 -0.0299999993294 -0.0305000003427 -0.0309999994934 -0.0315000005066 -0.0320000015199 -0.0324999988079 -0.0329999998212 -0.0335000008345 -0.0340000018477 -0.0344999991357 -0.035000000149 -0.0355000011623 -0.0359999984503 -0.0364999994636 -0.0370000004768 -0.0375000014901 -0.0379999987781 -0.0384999997914 -0.0390000008047 -0.0395000018179 -0.0399999991059 -0.0405000001192 -0.0410000011325 -0.0414999984205 -0.0419999994338 -0.042500000447 -0.0430000014603 -0.0434999987483 -0.0439999997616 -0.0445000007749
0.10000000149 0.10000000149 0.10000000149 0.10000000149 0.10000000149 -0.0244999993593 -0.0250000003725 -0.0254999995232 -0.0260000005364 -0.0264999996871 -0.0270000007004 -0.027499999851 -0.0280000008643 -0.0285000000149 -0.0289999991655 -0.0295000001788 -0.0299999993294 -0.0305000003427 -0.0309999994934 -0.0315000005066 -0.0320000015199 -0.0324999988079 -0.0329999998212 -0.0335000008345 -0.0340000018477 -0.0344999991357 -0.035000000149 -0.0355000011623 -0.0359999984503 -0.0364999994636 -0.0370000004768 -0.0375000014901 -0.0379999987781 -0.0384999997914 -0.0390000008047 -0.0395000018179 -0.0399999991059 -0.0405000001192 -0.0410000011325 -0.0414999984205 -0.0419999994338 -0.042500000447 -0.0430000014603 -0.0434999987483 -0.0439999997616 -0.0445000007749
0.10000000149 0.10000000149 0.10000000149 0.10000000149 0.10000000149 -0.0244999993593 -0.0250000003725 -0.0254999995232 -0.0260000005364 -0.0264999996871 -0.0270000007004 -0.027499999851 -0.0280000008643 -0.0285000000149 -0.0289999991655 -0.0295000001788 -0.0299999993294 -0.0305000003427 -0.0309999994934 -0.0315000005066 -0.0320000015199 -0.0324999988079 -0.0329999998212 -0.0335000008345 -0.0340000018477 -0.0344999991357 -0.035000000149 -0.0355000011623 -0.0359999984503 -0.0364999994636 -0.0370000004768 -0.0375000014901 -0.0379999987781 -0.0384999997914 -0.0390000008047 -0.0395000018179 -0.0399999991059 -0.0405000001192 -0.0410000011325 -0.0414999984205 -0.0419999994338 -0.042500000447 -0.0430000014603 -0.0434999987483 -0.0439999997616 -0.0445000007749
0.10000000149 0.10000000149 0.10000000149 0.10000000149 0.10000000149 -0.0244999993593 -0.0250000003725 -0.0254999995232 -0.0260000005364 -0.0264999996871 -0.0270000007004 -0.027499999851 -0.0280000008643 -0.0285000000149 -0.0289999991655 -0.0295000001788 -0.0299999993294 -0.0305000003427 -0.0309999994934 -0.0315000005066 -0.0320000015199 -0.0324999988079 -0.0329999998212 -0.0335000008345 -0.0340000018477 -0.0344999991357 -0.035000000149 -0.0355000011623 -0.0359999984503 -0.0364999994636 -0.0370000004768 -0.0375000014901 -0.0379999987781 -0.0384999997914 -0.0390000008047 -0.0395000018179 -0.0399999991059 -0.0405000001192 -0.0410000011325 -0.0414999984205 -0.0419999994338 -0.042500000447 -0.0430000014603 -0.0434999987483 -0.0439999997616 -0.0445000007749
0.10000000149 0.10000000149 0.10000000149 0.10000000149 0.10000000149 -0.0244999993593 -0.0250000003725 -0.0254999995232 -0.0260000005364 -0.0264999996871 -0.0270000007004 -0.027499999851 -0.0280000008643 -0.0285000000149 -0.0289999991655 -0.0295000001788 -0.0299999993294 -0.0305000003427 -0.0309999994934 -0.0315000005066 -0.0320000015199 -0.0324999988079 -0.0329999998212 -0.0335000008345 -0.0340000018477 -0.0344999991357 -0.035000000149 -0.0355000011623 -0.0359999984503 -0.0364999994636 -0.0370000004768 -0.0375000014901 -0.0379999987781 -0.0384999997914 -0.0390000008047 -0.0395000018179 -0.0399999991059 -0.0405000001192 -0.0410000011325 -0.0414999984205 -0.0419999994338 -0.042500000447 -0.0430000014603 -0.0434999987483 -0.0439999997616 -0.0445000007749
0.10000000149 0.10000000149 0.10000000149 0.10000000149 0.10000000149 -0.0244999993593 -0.0250000003725 -0.0254999995232 -0.0260000005364 -0.0264999996871 -0.0270000007004 -0.027499999851 -0.0280000008643 -0.0285000000149 -0.0289999991655 -0.0295000001788 -0.0299999993294 -0.0305000003427 -0.0309999994934 -0.0315000005066 -0.0320000015199 -0.0324999988079 -0.0329999998212 -0.0335000008345 -0.0340000018477 -0.0344999991357 -0.035000000149 -0.0355000011623 -0.0359999984503 -0.0364999994636 -0.0370000004768 -0.0375000014901 -0.0379999987781 -0.0384999997914 -0.0390000008047 -0.0395000018179 -0.0399999991059 -0.0405000001192 -0.0410000011325 -0.0414999984205 -0.0419999994338 -0.042500000447 -0.0430000014603 -0.0434999987483 -0.0439999997616 -0.0445000007749
0.10000000149 0.10000000149 0.10000000149 0.10000000149 0.10000000149 -0.0244999993593 -0.0250000003725 -0.0254999995232 -0.0260000005364 -0.0264999996871 -0.0270000007004 -0.027499999851 -0.0280000008643 -0.0285000000149 -0.0289999991655 -0.0295000001788 -0.0299999993294 -0.0305000003427 -0.0309999994934 -0.0315000005066 -0.0320000015199 -0.0324999988079 -0.0329999998212 -0.0335000008345 -0.0340000018477 -0.0344999991357 -0.035000000149 -0.0355000011623 -0.0359999984503 -0.0364999994636 -0.0370000004768 -0.0375000014901 -0.0379999987781 -0.0384999997914 -0.0390000008047 -0.0395000018179 -0.0399999991059 -0.0405000001192 -0.0410000011325 -0.0414999984205 -0.0419999994338 -0.042500000447 -0.0430000014603 -0.0434999987483 -0.0439999997616 -0.0445000007749
0.10000000149 0.10000000149 0.10000000149 0.10000000149 0.10000000149 -0.0244999993593 -0.0250000003725 -0.0254999995232 -0.0260000005364 -0.0264999996871 -0.0270000007004 -0.027499999851 -0.0280000008643 -0.0285000000149 -0.0289999991655 -0.0295000001788 -0.0299999993294 -0.0305000003427 -0.0309999994934 -0.0315000005066 -0.0320000015199 -0.0324999988079 -0.0329999998212 -0.0335000008345 -0.0340000018477 -0.0344999991357 -0.035000000149 -0.0355000011623 -0.0359999984503 -0.0364999994636 -0.0370000004768 -0.0375000014901 -0.0379999987781 -0.0384999997914 -0.0390000008047 -0.0395000018179 -0.0399999991059 -0.0405000001192 -0.0410000011325 -0.0414999984205 -0.0419999994338 -0.042500000447 -0.0430000014603 -0.0434999987483 -0.0439999997616 -0.0445000007749
0.10000000149 0.10000000149 0.10000000149 0.10000000149 -0.0240000002086 -0.0244999993593 -0.0250000003725 -0.0254999995232 -0.0260000005364 -0.0264999996871 -0.0270000007004 -0.027499999851 -0.0280000008643 -0.0285000000149 -0.0289999991655 -0.0295000001788 -0.0299999993294 -0.0305000003427 -0.0309999994934 -0.0315000005066 -0.0320000015199 -0.0324999988079 -0.0329999998212 -0.0335000008345 -0.0340000018477 -0.0344999991357 -0.035000000149 -0.0355000011623 -0.0359999984503 -0.0364999994636 -0.0370000004768 -0.0375000014901 -0.0379999987781 -0.0384999997914 -0.0390000008047 -0.0395000018179 -0.0399999991059 -0.0405000001192 -0.0410000011325 -0.0414999984205 -0.0419999994338 -0.042500000447 -0.0430000014603 -0.0434999987483 -0.0439999997616 -0.0445000007749
0.10000000149 0.10000000149 0.10000000149 0.10000000149 -0.0240000002086 -0.0244999993593 -0.0250000003725 -0.0254999995232 -0.0260000005364 -0.0264999996871 -0.0270000007004 -0.027499999851 -0.0280000008643 -0.0285000000149 -0.0289999991655 -0.0295000001788 -0.0299999993294 -0.0305000003427 -0.0309999994934 -0.0315000005066 -0.0320000015199 -0.0324999988079 -0.0329999998212 -0.0335000008345 -0.0340000018477 -0.0344999991357 -0.035000000149 -0.0355000011623 -0.0359999984503 -0.0364999994636 -0.0370000004768 -0.0375000014901 -0.0379999987781 -0.0384999997914 -0.0390000008047 -0.0395000018179 -0.0399999991059 -0.0405000001192 -0.0410000011325 -0.0414999984205 -0.0419999994338 -0.042500000447 -0.0430000014603 -0.0434999987483 -0.0439999997616 -0.0445000007749
0.10000000149 0.10000000149 0.10000000149 0.10000000149 -0.0240000002086 -0.0244999993593 -0.0250000003725 -0.0254999995232 -0.0260000005364 -0.0264999996871 -0.0270000007004 -0.027499999851 -0.0280000008643 -0.0285000000149 -0.0289999991655 -0.0295000001788 -0.0299999993294 -0.0305000003427 -0.0309999994934 -0.0315000005066 -0.0320000015199 -0.0324999988079 -0.0329999998212 -0.0335000008345 -0.0340000018477 -0.0344999991357 -0.035000000149 -0.0355000011623 -0.0359999984503 -0.0364999994636 -0.0370000004768 -0.0375000014901 -0.0379999987781 -0.0384999997914 -0.0390000008047 -0.0395000018179 -0.0399999991059 -0.0405000001192 -0.0410000011325 -0.0414999984205 -0.0419999994338 -0.042500000447 -0.0430000014603 -0.0434999987483 -0.0439999997616 -0.0445000007749
0.10000000149 0.10000000149 0.10000000149 0.10000000149 -0.0240000002086 -0.0244999993593 -0.0250000003725 -0.0254999995232 -0.0260000005364 -0.0264999996871 -0.0270000007004 -0.027499999851 -0.0280000008643 -0.0285000000149 -0.0289999991655 -0.0295000001788 -0.0299999993294 -0.0305000003427 -0.0309999994934 -0.0315000005066 -0.0320000015199 -0.0324999988079 -0.0329999998212 -0.0335000008345 -0.0340000018477 -0.0344999991357 -0.035000000149 -0.0355000011623 -0.0359999984503 -0.0364999994636 -0.0370000004768 -0.0375000014901 -0.0379999987781 -0.0384999997914 -0.0390000008047 -0.0395000018179 -0.0399999991059 -0.0405000001192 -0.0410000011325 -0.0414999984205 -0.0419999994338 -0.042500000447 -0.0430000014603 -0.0434999987483 -0.0439999997616 -0.0445000007749
0.10000000149 0.10000000149 0.10000000149 0.10000000149 -0.0240000002086 -0.0244999993593 -0.0250000003725 -0.0254999995232 -0.0260000005364 -0.0264999996871 -0.0270000007004 -0.027499999851 -0.0280000008643 -0.0285000000149 -0.0289999991655 -0.0295000001788 -0.0299999993294 -0.0305000003427 -0.0309999994934 -0.0315000005066 -0.0320000015199 -0.0324999988079 -0.0329999998212 -0.0335000008345 -0.0340000018477 -0.0344999991357 -0.035000000149 -0.0355000011623 -0.0359999984503 -0.0364999994636 -0.0370000004768 -0.0375000014901 -0.0379999987781 -0.0384999997914 -0.0390000008047 -0.0395000018179 -0.0399999991059 -0.0405000001192 -0.0410000011325 -0.0414999984205 -0.0419999994338 -0.042500000447 -0.0430000014603 -0.0434999987483 -0.0439999997616 -0.0445000007749
