docs/tutorial/CEA2008/topo.asc
ncols 208
nrows 256
xllcenter 0
yllcenter 0
cellsize 0.01
nodata_value -9999
[rows 84 to 104 of 256, columns 92 to 137 of 208]
-0.0410000011325 -0.0410000011325 -0.0410000011325 -0.0410000011325 -0.0410000011325 -0.0410000011325 -0.0410000011325 -0.0410000011325 -0.0410000011325 -0.0410000011325 -0.0410000011325 -0.0410000011325 -0.0410000011325 -0.0410000011325 -0.0410000011325 -0.0410000011325 -0.0410000011325 -0.0410000011325 -0.0410000011325 -0.0410000011325 -0.0410000011325 -0.0410000011325 -0.0410000011325 -0.0410000011325 -0.0410000011325 -0.0410000011325 -0.0410000011325 -0.0410000011325 -0.0410000011325 -0.0405000001192 -0.0399999991059 -0.0395000018179 -0.0390000008047 -0.0384999997914 -0.0379999987781 -0.0375000014901 -0.0370000004768 -0.0364999994636 -0.0359999984503 -0.0355000011623 -0.035000000149 -0.0344999991357 -0.0340000018477 -0.0335000008345 -0.0329999998212 -0.0324999988079
-0.0414999984205 -0.0414999984205 -0.0414999984205 -0.0414999984205 -0.0414999984205 -0.0414999984205 -0.0414999984205 -0.0414999984205 -0.0414999984205 -0.0414999984205 -0.0414999984205 -0.0414999984205 -0.0414999984205 -0.0414999984205 -0.0414999984205 -0.0414999984205 -0.0414999984205 -0.0414999984205 -0.0414999984205 -0.0414999984205 -0.0414999984205 -0.0414999984205 -0.0414999984205 -0.0414999984205 -0.0414999984205 -0.0414999984205 -0.0414999984205 -0.0414999984205 -0.0410000011325 -0.0405000001192 -0.0399999991059 -0.0395000018179 -0.0390000008047 -0.0384999997914 -0.0379999987781 -0.0375000014901 -0.0370000004768 -0.0364999994636 -0.0359999984503 -0.0355000011623 -0.035000000149 -0.0344999991357 -0.0340000018477 -0.0335000008345 -0.0329999998212 -0.0324999988079
-0.0419999994338 -0.0419999994338 -0.0419999994338 -0.0419999994338 -0.0419999994338 -0.0419999994338 -0.0419999994338 -0.0419999994338 -0.0419999994338 -0.0419999994338 -0.0419999994338 -0.0419999994338 -0.0419999994338 -0.0419999994338 -0.0419999994338 -0.0419999994338 -0.0419999994338 -0.0419999994338 -0.0419999994338 -0.0419999994338 -0.0419999994338 -0.0419999994338 -0.0419999994338 -0.0419999994338 -0.0419999994338 -0.0419999994338 -0.0419999994338 -0.0414999984205 -0.0410000011325 -0.0405000001192 -0.0399999991059 -0.0395000018179 -0.0390000008047 -0.0384999997914 -0.0379999987781 -0.0375000014901 -0.0370000004768 -0.0364999994636 -0.0359999984503 -0.0355000011623 -0.035000000149 -0.0344999991357 -0.0340000018477 -0.0335000008345 -0.0329999998212 -0.0324999988079
-0.042500000447 -0.042500000447 -0.042500000447 -0.042500000447 -0.042500000447 -0.042500000447 -0.042500000447 -0.042500000447 -0.042500000447 -0.042500000447 -0.042500000447 -0.042500000447 -0.042500000447 -0.042500000447 -0.042500000447 -0.042500000447 -0.042500000447 -0.042500000447 -0.042500000447 -0.042500000447 -0.042500000447 -0.042500000447 -0.042500000447 -0.042500000447 -0.042500000447 -0.042500000447 -0.0419999994338 -0.0414999984205 -0.0410000011325 -0.0405000001192 -0.0399999991059 -0.0395000018179 -0.0390000008047 -0.0384999997914 -0.0379999987781 -0.0375000014901 -0.0370000004768 -0.0364999994636 -0.0359999984503 -0.0355000011623 -0.035000000149 -0.0344999991357 -0.0340000018477 -0.0335000008345 -0.0329999998212 -0.0324999988079
-0.0430000014603 -0.0430000014603 -0.0430000014603 -0.0430000014603 -0.0430000014603 -0.0430000014603 -0.0430000014603 -0.0430000014603 -0.0430000014603 -0.0430000014603 -0.0430000014603 -0.0430000014603 -0.0430000014603 -0.0430000014603 -0.0430000014603 -0.0430000014603 -0.0430000014603 -0.0430000014603 -0.0430000014603 -0.0430000014603 -0.0430000014603 -0.0430000014603 -0.0430000014603 -0.0430000014603 -0.0430000014603 -0.042500000447 -0.0419999994338 -0.0414999984205 -0.0410000011325 -0.0405000001192 -0.0399999991059 -0.0395000018179 -0.0390000008047 -0.0384999997914 -0.0379999987781 -0.0375000014901 -0.0370000004768 -0.0364999994636 -0.0359999984503 -0.0355000011623 -0.035000000149 -0.0344999991357 -0.0340000018477 -0.0335000008345 -0.0329999998212 -0.0324999988079
-0.0434999987483 -0.0434999987483 -0.0434999987483 -0.0434999987483 -0.0434999987483 -0.0434999987483 -0.0434999987483 -0.0434999987483 -0.0434999987483 -0.0434999987483 -0.0434999987483 -0.0434999987483 -0.0434999987483 -0.0434999987483 -0.0434999987483 -0.0434999987483 -0.0434999987483 -0.0434999987483 -0.0434999987483 -0.0434999987483 -0.0434999987483 -0.0434999987483 -0.0434999987483 -0.0434999987483 -0.0430000014603 -0.042500000447 -0.0419999994338 -0.0414999984205 -0.0410000011325 -0.0405000001192 -0.0399999991059 -0.0395000018179 -0.0390000008047 -0.0384999997914 -0.0379999987781 -0.0375000014901 -0.0370000004768 -0.0364999994636 -0.0359999984503 -0.0355000011623 -0.035000000149 -0.0344999991357 -0.0340000018477 -0.0335000008345 -0.0329999998212 -0.0324999988079
-0.0439999997616 -0.0439999997616 -0.0439999997616 -0.0439999997616 -0.0439999997616 -0.0439999997616 -0.0439999997616 -0.0439999997616 -0.0439999997616 -0.0439999997616 -0.0439999997616 -0.0439999997616 -0.0439999997616 -0.0439999997616 -0.0439999997616 -0.0439999997616 -0.0439999997616 -0.0439999997616 -0.0439999997616 -0.0439999997616 -0.0439999997616 -0.0439999997616 -0.0439999997616 -0.0434999987483 -0.0430000014603 -0.042500000447 -0.0419999994338 -0.0414999984205 -0.0410000011325 -0.0405000001192 -0.0399999991059 -0.0395000018179 -0.0390000008047 -0.0384999997914 -0.0379999987781 -0.0375000014901 -0.0370000004768 -0.0364999994636 -0.0359999984503 -0.0355000011623 -0.035000000149 -0.0344999991357 -0.0340000018477 -0.0335000008345 -0.0329999998212 -0.0324999988079
-0.0445000007749 -0.0445000007749 -0.0445000007749 -0.0445000007749 -0.0445000007749 -0.0445000007749 -0.0445000007749 -0.0445000007749 -0.0445000007749 -0.0445000007749 -0.0445000007749 -0.0445000007749 -0.0445000007749 -0.0445000007749 -0.0445000007749 -0.0445000007749 -0.0445000007749 -0.0445000007749 -0.0445000007749 -0.0445000007749 -0.0445000007749 -0.0445000007749 -0.0439999997616 -0.0434999987483 -0.0430000014603 -0.042500000447 -0.0419999994338 -0.0414999984205 -0.0410000011325 -0.0405000001192 -0.0399999991059 -0.0395000018179 -0.0390000008047 -0.0384999997914 -0.0379999987781 -0.0375000014901 -0.0370000004768 -0.0364999994636 -0.0359999984503 -0.0355000011623 -0.035000000149 -0.0344999991357 -0.0340000018477 -0.0335000008345 -0.0329999998212 -0.0324999988079
-0.0450000017881 -0.0450000017881 -0.0450000017881 -0.0450000017881 -0.0450000017881 -0.0450000017881 -0.0450000017881 -0.0450000017881 -0.0450000017881 -0.0450000017881 -0.0450000017881 -0.0450000017881 -0.0450000017881 -0.0450000017881 -0.0450000017881 -0.0450000017881 -0.0450000017881 -0.0450000017881 -0.0450000017881 -0.0450000017881 -0.0450000017881 -0.0445000007749 -0.0439999997616 -0.0434999987483 -0.0430000014603 -0.042500000447 -0.0419999994338 -0.0414999984205 -0.0410000011325 -0.0405000001192 -0.0399999991059 -0.0395000018179 -0.0390000008047 -0.0384999997914 -0.0379999987781 -0.0375000014901 -0.0370000004768 -0.0364999994636 -0.0359999984503 -0.0355000011623 -0.035000000149 -0.0344999991357 -0.0340000018477 -0.0335000008345 -0.0329999998212 -0.0324999988079
-0.0450000017881 -0.0454999990761 -0.0454999990761 -0.0454999990761 -0.0454999990761 -0.0454999990761 -0.0454999990761 -0.0454999990761 -0.0454999990761 -0.0454999990761 -0.0454999990761 -0.0454999990761 -0.0454999990761 -0.0454999990761 -0.0454999990761 -0.0454999990761 -0.0454999990761 -0.0454999990761 -0.0454999990761 -0.0454999990761 -0.0450000017881 -0.0445000007749 -0.0439999997616 -0.0434999987483 -0.0430000014603 -0.042500000447 -0.0419999994338 -0.0414999984205 -0.0410000011325 -0.0405000001192 -0.0399999991059 -0.0395000018179 -0.0390000008047 -0.0384999997914 -0.0379999987781 -0.0375000014901 -0.0370000004768 -0.0364999994636 -0.0359999984503 -0.0355000011623 -0.035000000149 -0.0344999991357 -0.0340000018477 -0.0335000008345 -0.0329999998212 -0.0324999988079
-0.0450000017881 -0.0454999990761 -0.0460000000894 -0.0460000000894 -0.0460000000894 -0.0460000000894 -0.0460000000894 -0.0460000000894 -0.0460000000894 -0.0460000000894 -0.0460000000894 -0.0460000000894 -0.0460000000894 -0.0460000000894 -0.0460000000894 -0.0460000000894 -0.0460000000894 -0.0460000000894 -0.0460000000894 -0.0454999990761 -0.0450000017881 -0.0445000007749 -0.0439999997616 -0.0434999987483 -0.0430000014603 -0.042500000447 -0.0419999994338 -0.0414999984205 -0.0410000011325 -0.0405000001192 -0.0399999991059 -0.0395000018179 -0.0390000008047 -0.0384999997914 -0.0379999987781 -0.0375000014901 -0.0370000004768 -0.0364999994636 -0.0359999984503 -0.0355000011623 -0.035000000149 -0.0344999991357 -0.0340000018477 -0.0335000008345 -0.0329999998212 -0.0324999988079
-0.0450000017881 -0.0454999990761 -0.0460000000894 -0.0465000011027 -0.0465000011027 -0.0465000011027 -0.0465000011027 -0.0465000011027 -0.0465000011027 -0.0465000011027 -0.0465000011027 -0.0465000011027 -0.0465000011027 -0.0465000011027 -0.0465000011027 -0.0465000011027 -0.0465000011027 -0.0465000011027 -0.0460000000894 -0.0454999990761 -0.0450000017881 -0.0445000007749 -0.0439999997616 -0.0434999987483 -0.0430000014603 -0.042500000447 -0.0419999994338 -0.0414999984205 -0.0410000011325 -0.0405000001192 -0.0399999991059 -0.0395000018179 -0.0390000008047 -0.0384999997914 -0.0379999987781 -0.0375000014901 -0.0370000004768 -0.0364999994636 -0.0359999984503 -0.0355000011623 -0.035000000149 -0.0344999991357 -0.0340000018477 -0.0335000008345 -0.0329999998212 -0.0324999988079
-0.0450000017881 -0.0454999990761 -0.0460000000894 -0.0465000011027 -0.0469999983907 -0.0469999983907 -0.0469999983907 -0.0469999983907 -0.0469999983907 -0.0469999983907 -0.0469999983907 -0.0469999983907 -0.0469999983907 -0.0469999983907 -0.0469999983907 -0.0469999983907 -0.0469999983907 -0.0465000011027 -0.0460000000894 -0.0454999990761 -0.0450000017881 -0.0445000007749 -0.0439999997616 -0.0434999987483 -0.0430000014603 -0.042500000447 -0.0419999994338 -0.0414999984205 -0.0410000011325 -0.0405000001192 -0.0399999991059 -0.0395000018179 -0.0390000008047 -0.0384999997914 -0.0379999987781 -0.0375000014901 -0.0370000004768 -0.0364999994636 -0.0359999984503 -0.0355000011623 -0.035000000149 -0.0344999991357 -0.0340000018477 -0.0335000008345 -0.0329999998212 -0.0324999988079
-0.0450000017881 -0.0454999990761 -0.0460000000894 -0.0465000011027 -0.0469999983907 -0.047499999404 -0.047499999404 -0.047499999404 -0.047499999404 -0.047499999404 -0.047499999404 -0.047499999404 -0.047499999404 -0.047499999404 -0.047499999404 -0.047499999404 -0.0469999983907 -0.0465000011027 -0.0460000000894 -0.0454999990761 -0.0450000017881 -0.0445000007749 -0.0439999997616 -0.0434999987483 -0.0430000014603 -0.042500000447 -0.0419999994338 -0.0414999984205 -0.0410000011325 -0.0405000001192 -0.0399999991059 -0.0395000018179 -0.0390000008047 -0.0384999997914 -0.0379999987781 -0.0375000014901 -0.0370000004768 -0.0364999994636 -0.0359999984503 -0.0355000011623 -0.035000000149 -0.0344999991357 -0.0340000018477 -0.0335000008345 -0.0329999998212 -0.0324999988079
-0.0450000017881 -0.0454999990761 -0.0460000000894 -0.0465000011027 -0.0469999983907 -0.047499999404 -0.0480000004172 -0.0480000004172 -0.0480000004172 -0.0480000004172 -0.0480000004172 -0.0480000004172 -0.0480000004172 -0.0480000004172 -0.0480000004172 -0.047499999404 -0.0469999983907 -0.0465000011027 -0.0460000000894 -0.0454999990761 -0.0450000017881 -0.0445000007749 -0.0439999997616 -0.0434999987483 -0.0430000014603 -0.042500000447 -0.0419999994338 -0.0414999984205 -0.0410000011325 -0.0405000001192 -0.0399999991059 -0.0395000018179 -0.0390000008047 -0.0384999997914 -0.0379999987781 -0.0375000014901 -0.0370000004768 -0.0364999994636 -0.0359999984503 -0.0355000011623 -0.035000000149 -0.0344999991357 -0.0340000018477 -0.0335000008345 -0.0329999998212 -0.0324999988079
-0.0450000017881 -0.0454999990761 -0.0460000000894 -0.0465000011027 -0.0469999983907 -0.047499999404 -0.0480000004172 -0.0485000014305 -0.0485000014305 -0.0485000014305 -0.0485000014305 -0.0485000014305 -0.0485000014305 -0.0485000014305 -0.0480000004172 -0.047499999404 -0.0469999983907 -0.0465000011027 -0.0460000000894 -0.0454999990761 -0.0450000017881 -0.0445000007749 -0.0439999997616 -0.0434999987483 -0.0430000014603 -0.042500000447 -0.0419999994338 -0.0414999984205 -0.0410000011325 -0.0405000001192 -0.0399999991059 -0.0395000018179 -0.0390000008047 -0.0384999997914 -0.0379999987781 -0.0375000014901 -0.0370000004768 -0.0364999994636 -0.0359999984503 -0.0355000011623 -0.035000000149 -0.0344999991357 -0.0340000018477 -0.0335000008345 -0.0329999998212 -0.0324999988079
-0.0450000017881 -0.0454999990761 -0.0460000000894 -0.0465000011027 -0.0469999983907 -0.047499999404 -0.0480000004172 -0.0485000014305 -0.0489999987185 -0.0489999987185 -0.0489999987185 -0.0489999987185 -0.0489999987185 -0.0485000014305 -0.0480000004172 -0.047499999404 -0.0469999983907 -0.0465000011027 -0.0460000000894 -0.0454999990761 -0.0450000017881 -0.0445000007749 -0.0439999997616 -0.0434999987483 -0.0430000014603 -0.042500000447 -0.0419999994338 -0.0414999984205 -0.0410000011325 -0.0405000001192 -0.0399999991059 -0.0395000018179 -0.0390000008047 -0.0384999997914 -0.0379999987781 -0.0375000014901 -0.0370000004768 -0.0364999994636 -0.0359999984503 -0.0355000011623 -0.035000000149 -0.0344999991357 -0.0340000018477 -0.0335000008345 -0.0329999998212 -0.0324999988079
-0.0450000017881 -0.0454999990761 -0.0460000000894 -0.0465000011027 -0.0469999983907 -0.047499999404 -0.0480000004172 -0.0485000014305 -0.0489999987185 -0.0494999997318 -0.0494999997318 -0.0494999997318 -0.0489999987185 -0.0485000014305 -0.0480000004172 -0.047499999404 -0.0469999983907 -0.0465000011027 -0.0460000000894 -0.0454999990761 -0.0450000017881 -0.0445000007749 -0.0439999997616 -0.0434999987483 -0.0430000014603 -0.042500000447 -0.0419999994338 -0.0414999984205 -0.0410000011325 -0.0405000001192 -0.0399999991059 -0.0395000018179 -0.0390000008047 -0.0384999997914 -0.0379999987781 -0.0375000014901 -0.0370000004768 -0.0364999994636 -0.0359999984503 -0.0355000011623 -0.035000000149 -0.0344999991357 -0.0340000018477 -0.0335000008345 -0.0329999998212 -0.0324999988079
-0.0450000017881 -0.0454999990761 -0.0460000000894 -0.0465000011027 -0.0469999983907 -0.047499999404 -0.0480000004172 -0.0485000014305 -0.0489999987185 -0.0494999997318 -0.0500000007451 -0.0494999997318 -0.0489999987185 -0.0485000014305 -0.0480000004172 -0.047499999404 -0.0469999983907 -0.0465000011027 -0.0460000000894 -0.0454999990761 -0.0450000017881 -0.0445000007749 -0.0439999997616 -0.0434999987483 -0.0430000014603 -0.042500000447 -0.0419999994338 -0.0414999984205 -0.0410000011325 -0.0405000001192 -0.0399999991059 -0.0395000018179 -0.0390000008047 -0.0384999997914 -0.0379999987781 -0.0375000014901 -0.0370000004768 -0.0364999994636 -0.0359999984503 -0.0355000011623 -0.035000000149 -0.0344999991357 -0.0340000018477 -0.0335000008345 -0.0329999998212 -0.0324999988079
-0.0450000017881 -0.0454999990761 -0.0460000000894 -0.0465000011027 -0.0469999983907 -0.047499999404 -0.0480000004172 -0.0485000014305 -0.0489999987185 -0.0494999997318 -0.0500000007451 -0.0494999997318 -0.0489999987185 -0.0485000014305 -0.0480000004172 -0.047499999404 -0.0469999983907 -0.0465000011027 -0.0460000000894 -0.0454999990761 -0.0450000017881 -0.0445000007749 -0.0439999997616 -0.0434999987483 -0.0430000014603 -0.042500000447 -0.0419999994338 -0.0414999984205 -0.0410000011325 -0.0405000001192 -0.0399999991059 -0.0395000018179 -0.0390000008047 -0.0384999997914 -0.0379999987781 -0.0375000014901 -0.0370000004768 -0.0364999994636 -0.0359999984503 -0.0355000011623 -0.035000000149 -0.0344999991357 -0.0340000018477 -0.0335000008345 -0.0329999998212 -0.0324999988079
-0.0450000017881 -0.0454999990761 -0.0460000000894 -0.0465000011027 -0.0469999983907 -0.047499999404 -0.0480000004172 -0.0485000014305 -0.0489999987185 -0.0494999997318 -0.0500000007451 -0.0494999997318 -0.0489999987185 -0.0485000014305 -0.0480000004172 -0.047499999404 -0.0469999983907 -0.0465000011027 -0.0460000000894 -0.0454999990761 -0.0450000017881 -0.0445000007749 -0.0439999997616 -0.0434999987483 -0.0430000014603 -0.042500000447 -0.0419999994338 -0.0414999984205 -0.0410000011325 -0.0405000001192 -0.0399999991059 -0.0395000018179 -0.0390000008047 -0.0384999997914 -0.0379999987781 -0.0375000014901 -0.0370000004768 -0.0364999994636 -0.0359999984503 -0.0355000011623 -0.035000000149 -0.0344999991357 -0.0340000018477 -0.0335000008345 -0.0329999998212 -0.0324999988079
