docs/tutorial/CEA2008/topo.asc
ncols 208
nrows 256
xllcenter 0
yllcenter 0
cellsize 0.01
nodata_value -9999
[rows 210 to 230 of 256, columns 0 to 45 of 208]
999 999 0 -0.000500000023749 -0.0010000000475 -0.00150000001304 -0.00200000009499 -0.00249999994412 -0.00300000002608 -0.00350000010803 -0.00400000018999 -0.00449999980628 -0.00499999988824 -0.0054999999702 -0.00600000005215 -0.00650000013411 -0.00700000021607 -0.00749999983236 -0.00800000037998 -0.00850000046194 -0.00899999961257 -0.00949999969453 -0.00999999977648 -0.0104999998584 -0.0109999999404 -0.0115000000224 -0.0120000001043 -0.0125000001863 -0.0130000002682 -0.0135000003502 -0.0140000004321 -0.0144999995828 -0.0149999996647 -0.0154999997467 -0.01600000076 -0.0164999999106 -0.0170000009239 -0.0175000000745 -0.0179999992251 0.10000000149 0.10000000149 0.10000000149 0.10000000149 0.10000000149 -0.0209999997169 -0.0215000007302
999 999 0 -0.000500000023749 -0.0010000000475 -0.00150000001304 -0.00200000009499 -0.00249999994412 -0.00300000002608 -0.00350000010803 -0.00400000018999 -0.00449999980628 -0.00499999988824 -0.0054999999702 -0.00600000005215 -0.00650000013411 -0.00700000021607 -0.00749999983236 -0.00800000037998 -0.00850000046194 -0.00899999961257 -0.00949999969453 -0.00999999977648 -0.0104999998584 -0.0109999999404 -0.0115000000224 -0.0120000001043 -0.0125000001863 -0.0130000002682 -0.0135000003502 -0.0140000004321 -0.0144999995828 -0.0149999996647 -0.0154999997467 -0.01600000076 -0.0164999999106 -0.0170000009239 -0.0175000000745 -0.0179999992251 0.10000000149 0.10000000149 0.10000000149 0.10000000149 0.10000000149 -0.0209999997169 -0.0215000007302
999 999 0 -0.000500000023749 -0.0010000000475 -0.00150000001304 -0.00200000009499 -0.00249999994412 -0.00300000002608 -0.00350000010803 -0.00400000018999 -0.00449999980628 -0.00499999988824 -0.0054999999702 -0.00600000005215 -0.00650000013411 -0.00700000021607 -0.00749999983236 -0.00800000037998 -0.00850000046194 -0.00899999961257 -0.00949999969453 -0.00999999977648 -0.0104999998584 -0.0109999999404 -0.0115000000224 -0.0120000001043 -0.0125000001863 -0.0130000002682 -0.0135000003502 -0.0140000004321 -0.0144999995828 -0.0149999996647 -0.0154999997467 -0.01600000076 -0.0164999999106 -0.0170000009239 -0.0175000000745 -0.0179999992251 0.10000000149 0.10000000149 0.10000000149 0.10000000149 0.10000000149 -0.0209999997169 -0.0215000007302
999 999 0 -0.000500000023749 -0.0010000000475 -0.00150000001304 -0.00200000009499 -0.00249999994412 -0.00300000002608 -0.00350000010803 -0.00400000018999 -0.00449999980628 -0.00499999988824 -0.0054999999702 -0.00600000005215 -0.00650000013411 -0.00700000021607 -0.00749999983236 -0.00800000037998 -0.00850000046194 -0.00899999961257 -0.00949999969453 -0.00999999977648 -0.0104999998584 -0.0109999999404 -0.0115000000224 -0.0120000001043 -0.0125000001863 -0.0130000002682 -0.0135000003502 -0.0140000004321 -0.0144999995828 -0.0149999996647 -0.0154999997467 -0.01600000076 -0.0164999999106 -0.0170000009239 -0.0175000000745 -0.0179999992251 0.10000000149 0.10000000149 0.10000000149 0.10000000149 0.10000000149 -0.0209999997169 -0.0215000007302
999 999 0 -0.000500000023749 -0.0010000000475 -0.00150000001304 -0.00200000009499 -0.00249999994412 -0.00300000002608 -0.00350000010803 -0.00400000018999 -0.00449999980628 -0.00499999988824 -0.0054999999702 -0.00600000005215 -0.00650000013411 -0.00700000021607 -0.00749999983236 -0.00800000037998 -0.00850000046194 -0.00899999961257 -0.00949999969453 -0.00999999977648 -0.0104999998584 -0.0109999999404 -0.0115000000224 -0.0120000001043 -0.0125000001863 -0.0130000002682 -0.0135000003502 -0.0140000004321 -0.0144999995828 -0.0149999996647 -0.0154999997467 -0.01600000076 -0.0164999999106 -0.0170000009239 -0.0175000000745 -0.0179999992251 0.10000000149 0.10000000149 0.10000000149 0.10000000149 0.10000000149 -0.0209999997169 -0.0215000007302
999 999 0 -0.000500000023749 -0.0010000000475 -0.00150000001304 -0.00200000009499 -0.00249999994412 -0.00300000002608 -0.00350000010803 -0.00400000018999 -0.00449999980628 -0.00499999988824 -0.0054999999702 -0.00600000005215 -0.00650000013411 -0.00700000021607 -0.00749999983236 -0.00800000037998 -0.00850000046194 -0.00899999961257 -0.00949999969453 -0.00999999977648 -0.0104999998584 -0.0109999999404 -0.0115000000224 -0.0120000001043 -0.0125000001863 -0.0130000002682 -0.0135000003502 -0.0140000004321 -0.0144999995828 -0.0149999996647 -0.0154999997467 -0.01600000076 -0.0164999999106 -0.0170000009239 -0.0175000000745 -0.0179999992251 0.10000000149 0.10000000149 0.10000000149 0.10000000149 0.10000000149 -0.0209999997169 -0.0215000007302
999 999 0 -0.000500000023749 -0.0010000000475 -0.00150000001304 -0.00200000009499 -0.00249999994412 -0.00300000002608 -0.00350000010803 -0.00400000018999 -0.00449999980628 -0.00499999988824 -0.0054999999702 -0.00600000005215 -0.00650000013411 -0.00700000021607 -0.00749999983236 -0.00800000037998 -0.00850000046194 -0.00899999961257 -0.00949999969453 -0.00999999977648 -0.0104999998584 -0.0109999999404 -0.0115000000224 -0.0120000001043 -0.0125000001863 -0.0130000002682 -0.0135000003502 -0.0140000004321 -0.0144999995828 -0.0149999996647 -0.0154999997467 -0.01600000076 -0.0164999999106 -0.0170000009239 -0.0175000000745 -0.0179999992251 0.10000000149 0.10000000149 0.10000000149 0.10000000149 0.10000000149 -0.0209999997169 -0.0215000007302
999 999 0 -0.000500000023749 -0.0010000000475 -0.00150000001304 -0.00200000009499 -0.00249999994412 -0.00300000002608 -0.00350000010803 -0.00400000018999 -0.00449999980628 -0.00499999988824 -0.0054999999702 -0.00600000005215 -0.00650000013411 -0.00700000021607 -0.00749999983236 -0.00800000037998 -0.00850000046194 -0.00899999961257 -0.00949999969453 -0.00999999977648 -0.0104999998584 -0.0109999999404 -0.0115000000224 -0.0120000001043 -0.0125000001863 -0.0130000002682 -0.0135000003502 -0.0140000004321 -0.0144999995828 -0.0149999996647 -0.0154999997467 -0.01600000076 -0.0164999999106 -0.0170000009239 -0.0175000000745 -0.0179999992251 0.10000000149 0.10000000149 0.10000000149 0.10000000149 0.10000000149 -0.0209999997169 -0.0215000007302
999 999 0 -0.000500000023749 -0.0010000000475 -0.00150000001304 -0.00200000009499 -0.00249999994412 -0.00300000002608 -0.00350000010803 -0.00400000018999 -0.00449999980628 -0.00499999988824 -0.0054999999702 -0.00600000005215 -0.00650000013411 -0.00700000021607 -0.00749999983236 -0.00800000037998 -0.00850000046194 -0.00899999961257 -0.00949999969453 -0.00999999977648 -0.0104999998584 -0.0109999999404 -0.0115000000224 -0.0120000001043 -0.0125000001863 -0.0130000002682 -0.0135000003502 -0.0140000004321 -0.0144999995828 -0.0149999996647 -0.0154999997467 -0.01600000076 -0.0164999999106 -0.0170000009239 -0.0175000000745 0.10000000149 0.10000000149 0.10000000149 0.10000000149 0.10000000149 -0.0205000005662 -0.0209999997169 -0.0215000007302
999 999 0 -0.000500000023749 -0.0010000000475 -0.00150000001304 -0.00200000009499 -0.00249999994412 -0.00300000002608 -0.00350000010803 -0.00400000018999 -0.00449999980628 -0.00499999988824 -0.0054999999702 -0.00600000005215 -0.00650000013411 -0.00700000021607 -0.00749999983236 -0.00800000037998 -0.00850000046194 -0.00899999961257 -0.00949999969453 -0.00999999977648 -0.0104999998584 -0.0109999999404 -0.0115000000224 -0.0120000001043 -0.0125000001863 -0.0130000002682 -0.0135000003502 -0.0140000004321 -0.0144999995828 -0.0149999996647 -0.0154999997467 -0.01600000076 -0.0164999999106 -0.0170000009239 -0.0175000000745 0.10000000149 0.10000000149 0.10000000149 0.10000000149 0.10000000149 -0.0205000005662 -0.0209999997169 -0.0215000007302
999 999 0 -0.000500000023749 -0.0010000000475 -0.00150000001304 -0.00200000009499 -0.00249999994412 -0.00300000002608 -0.00350000010803 -0.00400000018999 -0.00449999980628 -0.00499999988824 -0.0054999999702 -0.00600000005215 -0.00650000013411 -0.00700000021607 -0.00749999983236 -0.00800000037998 -0.00850000046194 -0.00899999961257 -0.00949999969453 -0.00999999977648 -0.0104999998584 -0.0109999999404 -0.0115000000224 -0.0120000001043 -0.0125000001863 -0.0130000002682 -0.0135000003502 -0.0140000004321 -0.0144999995828 -0.0149999996647 -0.0154999997467 -0.01600000076 -0.0164999999106 -0.0170000009239 -0.0175000000745 0.10000000149 0.10000000149 0.10000000149 0.10000000149 0.10000000149 -0.0205000005662 -0.0209999997169 -0.0215000007302
999 999 0 -0.000500000023749 -0.0010000000475 -0.00150000001304 -0.00200000009499 -0.00249999994412 -0.00300000002608 -0.00350000010803 -0.00400000018999 -0.00449999980628 -0.00499999988824 -0.0054999999702 -0.00600000005215 -0.00650000013411 -0.00700000021607 -0.00749999983236 -0.00800000037998 -0.00850000046194 -0.00899999961257 -0.00949999969453 -0.00999999977648 -0.0104999998584 -0.0109999999404 -0.0115000000224 -0.0120000001043 -0.0125000001863 -0.0130000002682 -0.0135000003502 -0.0140000004321 -0.0144999995828 -0.0149999996647 -0.0154999997467 -0.01600000076 -0.0164999999106 -0.0170000009239 -0.0175000000745 0.10000000149 0.10000000149 0.10000000149 0.10000000149 0.10000000149 -0.0205000005662 -0.0209999997169 -0.0215000007302
999 999 0 -0.000500000023749 -0.0010000000475 -0.00150000001304 -0.00200000009499 -0.00249999994412 -0.00300000002608 -0.00350000010803 -0.00400000018999 -0.00449999980628 -0.00499999988824 -0.0054999999702 -0.00600000005215 -0.00650000013411 -0.00700000021607 -0.00749999983236 -0.00800000037998 -0.00850000046194 -0.00899999961257 -0.00949999969453 -0.00999999977648 -0.0104999998584 -0.0109999999404 -0.0115000000224 -0.0120000001043 -0.0125000001863 -0.0130000002682 -0.0135000003502 -0.0140000004321 -0.0144999995828 -0.0149999996647 -0.0154999997467 -0.01600000076 -0.0164999999106 -0.0170000009239 -0.0175000000745 0.10000000149 0.10000000149 0.10000000149 0.10000000149 0.10000000149 -0.0205000005662 -0.0209999997169 -0.0215000007302
999 999 0 -0.000500000023749 -0.0010000000475 -0.00150000001304 -0.00200000009499 -0.00249999994412 -0.00300000002608 -0.00350000010803 -0.00400000018999 -0.00449999980628 -0.00499999988824 -0.0054999999702 -0.00600000005215 -0.00650000013411 -0.00700000021607 -0.00749999983236 -0.00800000037998 -0.00850000046194 -0.00899999961257 -0.00949999969453 -0.00999999977648 -0.0104999998584 -0.0109999999404 -0.0115000000224 -0.0120000001043 -0.0125000001863 -0.0130000002682 -0.0135000003502 -0.0140000004321 -0.0144999995828 -0.0149999996647 -0.0154999997467 -0.01600000076 -0.0164999999106 -0.0170000009239 -0.0175000000745 0.10000000149 0.10000000149 0.10000000149 0.10000000149 0.10000000149 -0.0205000005662 -0.0209999997169 -0.0215000007302
999 999 0 -0.000500000023749 -0.0010000000475 -0.00150000001304 -0.00200000009499 -0.00249999994412 -0.00300000002608 -0.00350000010803 -0.00400000018999 -0.00449999980628 -0.00499999988824 -0.0054999999702 -0.00600000005215 -0.00650000013411 -0.00700000021607 -0.00749999983236 -0.00800000037998 -0.00850000046194 -0.00899999961257 -0.00949999969453 -0.00999999977648 -0.0104999998584 -0.0109999999404 -0.0115000000224 -0.0120000001043 -0.0125000001863 -0.0130000002682 -0.0135000003502 -0.0140000004321 -0.0144999995828 -0.0149999996647 -0.0154999997467 -0.01600000076 -0.0164999999106 -0.0170000009239 -0.0175000000745 0.10000000149 0.10000000149 0.10000000149 0.10000000149 0.10000000149 -0.0205000005662 -0.0209999997169 -0.0215000007302
999 999 0 -0.000500000023749 -0.0010000000475 -0.00150000001304 -0.00200000009499 -0.00249999994412 -0.00300000002608 -0.00350000010803 -0.00400000018999 -0.00449999980628 -0.00499999988824 -0.0054999999702 -0.00600000005215 -0.00650000013411 -0.00700000021607 -0.00749999983236 -0.00800000037998 -0.00850000046194 -0.00899999961257 -0.00949999969453 -0.00999999977648 -0.0104999998584 -0.0109999999404 -0.0115000000224 -0.0120000001043 -0.0125000001863 -0.0130000002682 -0.0135000003502 -0.0140000004321 -0.0144999995828 -0.0149999996647 -0.0154999997467 -0.01600000076 -0.0164999999106 -0.0170000009239 0.10000000149 0.10000000149 0.10000000149 0.10000000149 0.10000000149 -0.019999999553 -0.0205000005662 -0.0209999997169 -0.0215000007302
999 999 0 -0.000500000023749 -0.0010000000475 -0.00150000001304 -0.00200000009499 -0.00249999994412 -0.00300000002608 -0.00350000010803 -0.00400000018999 -0.00449999980628 -0.00499999988824 -0.0054999999702 -0.00600000005215 -0.00650000013411 -0.00700000021607 -0.00749999983236 -0.00800000037998 -0.00850000046194 -0.00899999961257 -0.00949999969453 -0.00999999977648 -0.0104999998584 -0.0109999999404 -0.0115000000224 -0.0120000001043 -0.0125000001863 -0.0130000002682 -0.0135000003502 -0.0140000004321 -0.0144999995828 -0.0149999996647 -0.0154999997467 -0.01600000076 -0.0164999999106 -0.0170000009239 0.10000000149 0.10000000149 0.10000000149 0.10000000149 0.10000000149 -0.019999999553 -0.0205000005662 -0.0209999997169 -0.0215000007302
999 999 0 -0.000500000023749 -0.0010000000475 -0.00150000001304 -0.00200000009499 -0.00249999994412 -0.00300000002608 -0.00350000010803 -0.00400000018999 -0.00449999980628 -0.00499999988824 -0.0054999999702 -0.00600000005215 -0.00650000013411 -0.00700000021607 -0.00749999983236 -0.00800000037998 -0.00850000046194 -0.00899999961257 -0.00949999969453 -0.00999999977648 -0.0104999998584 -0.0109999999404 -0.0115000000224 -0.0120000001043 -0.0125000001863 -0.0130000002682 -0.0135000003502 -0.0140000004321 -0.0144999995828 -0.0149999996647 -0.0154999997467 -0.01600000076 -0.0164999999106 -0.0170000009239 0.10000000149 0.10000000149 0.10000000149 0.10000000149 0.10000000149 -0.019999999553 -0.0205000005662 -0.0209999997169 -0.0215000007302
999 999 0 -0.000500000023749 -0.0010000000475 -0.00150000001304 -0.00200000009499 -0.00249999994412 -0.00300000002608 -0.00350000010803 -0.00400000018999 -0.00449999980628 -0.00499999988824 -0.0054999999702 -0.00600000005215 -0.00650000013411 -0.00700000021607 -0.00749999983236 -0.00800000037998 -0.00850000046194 -0.00899999961257 -0.00949999969453 -0.00999999977648 -0.0104999998584 -0.0109999999404 -0.0115000000224 -0.0120000001043 -0.0125000001863 -0.0130000002682 -0.0135000003502 -0.0140000004321 -0.0144999995828 -0.0149999996647 -0.0154999997467 -0.01600000076 -0.0164999999106 -0.0170000009239 0.10000000149 0.10000000149 0.10000000149 0.10000000149 0.10000000149 -0.019999999553 -0.0205000005662 -0.0209999997169 -0.0215000007302
999 999 0 -0.000500000023749 -0.0010000000475 -0.00150000001304 -0.00200000009499 -0.00249999994412 -0.00300000002608 -0.00350000010803 -0.00400000018999 -0.00449999980628 -0.00499999988824 -0.0054999999702 -0.00600000005215 -0.00650000013411 -0.00700000021607 -0.00749999983236 -0.00800000037998 -0.00850000046194 -0.00899999961257 -0.00949999969453 -0.00999999977648 -0.0104999998584 -0.0109999999404 -0.0115000000224 -0.0120000001043 -0.0125000001863 -0.0130000002682 -0.0135000003502 -0.0140000004321 -0.0144999995828 -0.0149999996647 -0.0154999997467 -0.01600000076 -0.0164999999106 -0.0170000009239 0.10000000149 0.10000000149 0.10000000149 0.10000000149 0.10000000149 -0.019999999553 -0.0205000005662 -0.0209999997169 -0.0215000007302
999 999 0 -0.000500000023749 -0.0010000000475 -0.00150000001304 -0.00200000009499 -0.00249999994412 -0.00300000002608 -0.00350000010803 -0.00400000018999 -0.00449999980628 -0.00499999988824 -0.0054999999702 -0.00600000005215 -0.00650000013411 -0.00700000021607 -0.00749999983236 -0.00800000037998 -0.00850000046194 -0.00899999961257 -0.00949999969453 -0.00999999977648 -0.0104999998584 -0.0109999999404 -0.0115000000224 -0.0120000001043 -0.0125000001863 -0.0130000002682 -0.0135000003502 -0.0140000004321 -0.0144999995828 -0.0149999996647 -0.0154999997467 -0.01600000076 -0.0164999999106 -0.0170000009239 0.10000000149 0.10000000149 0.10000000149 0.10000000149 0.10000000149 -0.019999999553 -0.0205000005662 -0.0209999997169 -0.0215000007302
